-- phpMyAdmin SQL Dump
-- version 4.9.2
-- https://www.phpmyadmin.net/
--
-- 主機： classmysql.engr.oregonstate.edu:3306
-- 產生時間： 2020 年 02 月 18 日 00:31
-- 伺服器版本： 10.4.11-MariaDB-log
-- PHP 版本： 7.0.33

SET SQL_MODE = "NO_AUTO_VALUE_ON_ZERO";
SET AUTOCOMMIT = 0;
START TRANSACTION;
SET time_zone = "+00:00";


/*!40101 SET @OLD_CHARACTER_SET_CLIENT=@@CHARACTER_SET_CLIENT */;
/*!40101 SET @OLD_CHARACTER_SET_RESULTS=@@CHARACTER_SET_RESULTS */;
/*!40101 SET @OLD_COLLATION_CONNECTION=@@COLLATION_CONNECTION */;
/*!40101 SET NAMES utf8mb4 */;

--
-- 資料庫： `cs540_chenyuw`
--

-- --------------------------------------------------------

--
-- 資料表結構 `tobacco`
--

CREATE TABLE `tobacco` (
  `Year` year(4) DEFAULT NULL,
  `State` varchar(40) DEFAULT NULL,
  `Smoke_everyday` decimal(4,3) DEFAULT NULL,
  `Smoke_some_days` decimal(4,3) DEFAULT NULL,
  `Former_smoker` decimal(4,3) DEFAULT NULL,
  `Never_smoked` decimal(4,3) DEFAULT NULL
) ENGINE=InnoDB DEFAULT CHARSET=utf8;

--
-- 傾印資料表的資料 `tobacco`
--

INSERT INTO `tobacco` (`Year`, `State`, `Smoke_everyday`, `Smoke_some_days`, `Former_smoker`, `Never_smoked`) VALUES
(1996, 'Puerto Rico', '0.094', '0.051', '0.160', '0.695'),
(1997, 'Puerto Rico', '0.094', '0.050', '0.157', '0.699'),
(1998, 'Puerto Rico', '0.101', '0.052', '0.168', '0.679'),
(1999, 'Puerto Rico', '0.097', '0.040', '0.153', '0.710'),
(2000, 'Puerto Rico', '0.092', '0.039', '0.152', '0.716'),
(2001, 'Puerto Rico', '0.080', '0.045', '0.170', '0.705'),
(2001, 'Virgin Islands', '0.069', '0.027', '0.126', '0.778'),
(2002, 'Puerto Rico', '0.088', '0.044', '0.169', '0.698'),
(2002, 'Virgin Islands', '0.070', '0.024', '0.121', '0.785'),
(2003, 'Puerto Rico', '0.089', '0.046', '0.177', '0.688'),
(2003, 'Virgin Islands', '0.079', '0.020', '0.136', '0.764'),
(2004, 'Puerto Rico', '0.082', '0.044', '0.152', '0.722'),
(2004, 'Virgin Islands', '0.059', '0.035', '0.099', '0.807'),
(2005, 'Puerto Rico', '0.079', '0.052', '0.169', '0.700'),
(2005, 'Virgin Islands', '0.053', '0.028', '0.128', '0.791'),
(2006, 'Puerto Rico', '0.077', '0.048', '0.168', '0.707'),
(2006, 'Virgin Islands', '0.058', '0.031', '0.131', '0.780'),
(2007, 'Puerto Rico', '0.075', '0.047', '0.192', '0.686'),
(2007, 'Virgin Islands', '0.056', '0.030', '0.119', '0.795'),
(2008, 'Puerto Rico', '0.075', '0.041', '0.183', '0.701'),
(2008, 'Virgin Islands', '0.041', '0.023', '0.115', '0.821'),
(2009, 'Puerto Rico', '0.069', '0.037', '0.180', '0.715'),
(2010, 'Puerto Rico', '0.075', '0.044', '0.173', '0.708'),
(1999, 'Louisiana', '0.187', '0.048', '0.207', '0.558'),
(2010, 'Nevada', '0.165', '0.049', '0.258', '0.528'),
(1996, 'Nebraska', '0.195', '0.026', '0.236', '0.543'),
(2003, 'Vermont', '0.154', '0.042', '0.304', '0.501'),
(2001, 'Tennessee', '0.197', '0.047', '0.191', '0.566'),
(2008, 'Guam', '0.212', '0.062', '0.194', '0.532'),
(2007, 'Guam', '0.233', '0.076', '0.141', '0.549'),
(2003, 'Guam', '0.263', '0.078', '0.143', '0.517'),
(2002, 'Guam', '0.248', '0.071', '0.155', '0.526'),
(2001, 'Guam', '0.265', '0.047', '0.118', '0.570'),
(2003, 'Delaware', '0.169', '0.050', '0.281', '0.500'),
(1998, 'Vermont', '0.186', '0.037', '0.286', '0.491'),
(2006, 'Oklahoma', '0.189', '0.062', '0.237', '0.512'),
(2004, 'Washington', '0.140', '0.053', '0.253', '0.555'),
(1998, 'New York', '0.184', '0.057', '0.243', '0.516'),
(2005, 'South Dakota', '0.138', '0.060', '0.254', '0.548'),
(1999, 'Illinois', '0.198', '0.045', '0.238', '0.519'),
(1997, 'Indiana', '0.217', '0.047', '0.235', '0.502'),
(2000, 'Illinois', '0.162', '0.062', '0.226', '0.551'),
(2006, 'Connecticut', '0.119', '0.051', '0.282', '0.548'),
(2005, 'Montana', '0.145', '0.047', '0.285', '0.523'),
(2002, 'Missouri', '0.220', '0.045', '0.255', '0.480'),
(2002, 'Nevada', '0.211', '0.050', '0.247', '0.492'),
(2001, 'Florida', '0.175', '0.049', '0.275', '0.501'),
(2004, 'Missouri', '0.185', '0.056', '0.242', '0.517'),
(2007, 'North Carolina', '0.176', '0.053', '0.248', '0.523'),
(2010, 'Louisiana', '0.159', '0.062', '0.220', '0.560'),
(1999, 'Utah', '0.103', '0.037', '0.173', '0.688'),
(2001, 'Hawaii', '0.165', '0.040', '0.240', '0.555'),
(2008, 'Montana', '0.138', '0.047', '0.268', '0.547'),
(2001, 'Vermont', '0.169', '0.055', '0.300', '0.476'),
(2000, 'Georgia', '0.184', '0.051', '0.227', '0.538'),
(2004, 'Virginia', '0.159', '0.050', '0.233', '0.558'),
(2004, 'Nebraska', '0.149', '0.054', '0.212', '0.586'),
(2009, 'Massachusetts', '0.109', '0.040', '0.285', '0.566'),
(2002, 'Alabama', '0.192', '0.052', '0.232', '0.524'),
(1995, 'Mississippi', '0.205', '0.028', '0.208', '0.558'),
(2010, 'California', '0.075', '0.046', '0.231', '0.648'),
(1996, 'Iowa', '0.196', '0.040', '0.238', '0.526'),
(2002, 'Idaho', '0.163', '0.043', '0.242', '0.552'),
(2007, 'Nevada', '0.161', '0.053', '0.254', '0.531'),
(2010, 'Kansas', '0.119', '0.051', '0.242', '0.588'),
(2008, 'Nebraska', '0.134', '0.049', '0.250', '0.566'),
(1998, 'Missouri', '0.223', '0.040', '0.237', '0.500'),
(2001, 'Rhode Island', '0.176', '0.063', '0.289', '0.473'),
(1995, 'New Hampshire', '0.188', '0.023', '0.327', '0.462'),
(2002, 'New Mexico', '0.150', '0.062', '0.260', '0.528'),
(2000, 'North Carolina', '0.207', '0.054', '0.243', '0.496'),
(2002, 'Connecticut', '0.144', '0.050', '0.304', '0.502'),
(1998, 'New Mexico', '0.162', '0.064', '0.243', '0.532'),
(2009, 'Maryland', '0.104', '0.048', '0.234', '0.615'),
(2005, 'Mississippi', '0.186', '0.051', '0.209', '0.555'),
(2005, 'Minnesota', '0.149', '0.051', '0.287', '0.512'),
(1998, 'Alabama', '0.194', '0.052', '0.215', '0.539'),
(1996, 'Virginia', '0.196', '0.052', '0.229', '0.523'),
(2001, 'Montana', '0.166', '0.054', '0.273', '0.508'),
(1996, 'North Carolina', '0.219', '0.038', '0.231', '0.512'),
(1995, 'Iowa', '0.202', '0.029', '0.239', '0.530'),
(2006, 'Ohio', '0.168', '0.056', '0.243', '0.533'),
(2006, 'Montana', '0.133', '0.056', '0.268', '0.543'),
(1999, 'Idaho', '0.160', '0.055', '0.243', '0.542'),
(2008, 'Vermont', '0.122', '0.046', '0.322', '0.511'),
(1996, 'New Jersey', '0.178', '0.049', '0.247', '0.526'),
(1997, 'Texas', '0.162', '0.063', '0.203', '0.571'),
(1998, 'Arkansas', '0.222', '0.037', '0.242', '0.499'),
(2002, 'Washington', '0.164', '0.050', '0.285', '0.501'),
(2002, 'Alaska', '0.219', '0.074', '0.256', '0.450'),
(2009, 'Mississippi', '0.171', '0.063', '0.221', '0.546'),
(2000, 'California', '0.121', '0.051', '0.260', '0.567'),
(2004, 'Michigan', '0.172', '0.061', '0.252', '0.516'),
(2010, 'Massachusetts', '0.102', '0.039', '0.293', '0.566'),
(2001, 'Colorado', '0.154', '0.069', '0.260', '0.517'),
(2007, 'North Dakota', '0.151', '0.059', '0.253', '0.538'),
(2008, 'Missouri', '0.202', '0.048', '0.250', '0.501'),
(2000, 'Kansas', '0.169', '0.042', '0.236', '0.554'),
(2000, 'Tennessee', '0.216', '0.040', '0.222', '0.521'),
(2001, 'Arkansas', '0.201', '0.054', '0.236', '0.508'),
(2005, 'New Mexico', '0.146', '0.069', '0.244', '0.541'),
(2009, 'Georgia', '0.126', '0.051', '0.220', '0.603'),
(2002, 'Arizona', '0.178', '0.056', '0.244', '0.522'),
(1995, 'Kansas', '0.186', '0.030', '0.243', '0.541'),
(2001, 'Washington', '0.164', '0.060', '0.276', '0.499'),
(2001, 'Illinois', '0.174', '0.063', '0.237', '0.525'),
(2001, 'Missouri', '0.200', '0.059', '0.245', '0.496'),
(2009, 'Oklahoma', '0.188', '0.067', '0.245', '0.500'),
(2010, 'Arkansas', '0.173', '0.056', '0.241', '0.530'),
(1997, 'Pennsylvania', '0.200', '0.042', '0.227', '0.531'),
(2004, 'Arizona', '0.135', '0.051', '0.245', '0.570'),
(2003, 'Ohio', '0.195', '0.057', '0.238', '0.510'),
(1999, 'Massachusetts', '0.152', '0.041', '0.258', '0.550'),
(2007, 'Iowa', '0.145', '0.053', '0.235', '0.567'),
(2001, 'Wyoming', '0.173', '0.049', '0.260', '0.519'),
(2004, 'Alaska', '0.164', '0.085', '0.240', '0.512'),
(2001, 'New York', '0.166', '0.066', '0.238', '0.530'),
(2009, 'New Mexico', '0.112', '0.067', '0.258', '0.562'),
(1995, 'Rhode Island', '0.213', '0.035', '0.292', '0.460'),
(2007, 'Georgia', '0.147', '0.047', '0.227', '0.579'),
(2003, 'Virginia', '0.172', '0.048', '0.240', '0.540'),
(2007, 'West Virginia', '0.217', '0.052', '0.245', '0.486'),
(2005, 'Michigan', '0.167', '0.054', '0.260', '0.520'),
(1999, 'Texas', '0.150', '0.075', '0.233', '0.543'),
(1997, 'Alaska', '0.223', '0.042', '0.247', '0.488'),
(2009, 'Louisiana', '0.164', '0.057', '0.232', '0.547'),
(2007, 'New York', '0.128', '0.061', '0.255', '0.556'),
(2005, 'Indiana', '0.208', '0.064', '0.229', '0.498'),
(2010, 'New Jersey', '0.102', '0.042', '0.261', '0.594'),
(1995, 'Delaware', '0.230', '0.023', '0.258', '0.489'),
(2000, 'Michigan', '0.191', '0.050', '0.254', '0.504'),
(1996, 'Minnesota', '0.156', '0.050', '0.231', '0.563'),
(2004, 'Iowa', '0.163', '0.046', '0.214', '0.578'),
(2000, 'Kentucky', '0.268', '0.037', '0.230', '0.465'),
(1996, 'Oregon', '0.191', '0.043', '0.277', '0.489'),
(1995, 'Alaska', '0.223', '0.026', '0.272', '0.479'),
(2007, 'Pennsylvania', '0.151', '0.058', '0.239', '0.551'),
(2005, 'South Carolina', '0.170', '0.055', '0.244', '0.531'),
(1999, 'Vermont', '0.169', '0.048', '0.267', '0.516'),
(1999, 'New Mexico', '0.164', '0.060', '0.246', '0.529'),
(2004, 'Indiana', '0.195', '0.053', '0.226', '0.525'),
(2009, 'Nebraska', '0.129', '0.038', '0.246', '0.587'),
(2005, 'Georgia', '0.164', '0.058', '0.219', '0.560'),
(2000, 'Louisiana', '0.186', '0.055', '0.195', '0.565'),
(1995, 'Wisconsin', '0.182', '0.035', '0.276', '0.507'),
(2007, 'Hawaii', '0.129', '0.041', '0.260', '0.570'),
(2010, 'New York', '0.105', '0.050', '0.268', '0.578'),
(1997, 'New Mexico', '0.155', '0.065', '0.253', '0.526'),
(2004, 'Florida', '0.146', '0.057', '0.258', '0.539'),
(1996, 'Maryland', '0.179', '0.030', '0.234', '0.557'),
(2007, 'Missouri', '0.198', '0.047', '0.234', '0.521'),
(2010, 'Arizona', '0.107', '0.044', '0.279', '0.571'),
(1998, 'Pennsylvania', '0.194', '0.044', '0.229', '0.533'),
(1998, 'Texas', '0.156', '0.063', '0.226', '0.555'),
(1999, 'Wisconsin', '0.179', '0.058', '0.286', '0.477'),
(1999, 'Montana', '0.160', '0.042', '0.277', '0.521'),
(2006, 'Minnesota', '0.138', '0.045', '0.276', '0.541'),
(1995, 'Missouri', '0.219', '0.022', '0.271', '0.488'),
(2009, 'Tennessee', '0.176', '0.044', '0.247', '0.533'),
(1998, 'Maryland', '0.167', '0.057', '0.242', '0.534'),
(2001, 'Utah', '0.091', '0.041', '0.171', '0.697'),
(2002, 'South Carolina', '0.210', '0.056', '0.226', '0.509'),
(2005, 'Maine', '0.159', '0.049', '0.301', '0.491'),
(1997, 'Georgia', '0.176', '0.048', '0.153', '0.623'),
(2005, 'New York', '0.146', '0.059', '0.256', '0.540'),
(2004, 'Massachusetts', '0.137', '0.048', '0.269', '0.546'),
(2010, 'Vermont', '0.111', '0.042', '0.307', '0.540'),
(2008, 'North Carolina', '0.155', '0.054', '0.248', '0.543'),
(2008, 'Alabama', '0.173', '0.049', '0.219', '0.560'),
(2006, 'North Dakota', '0.156', '0.039', '0.241', '0.564'),
(2008, 'Mississippi', '0.172', '0.055', '0.222', '0.551'),
(2008, 'Utah', '0.068', '0.025', '0.161', '0.745'),
(2009, 'New Jersey', '0.100', '0.058', '0.254', '0.588'),
(2006, 'Hawaii', '0.130', '0.046', '0.251', '0.573'),
(2009, 'Kansas', '0.132', '0.046', '0.233', '0.588'),
(2007, 'Colorado', '0.134', '0.053', '0.246', '0.567'),
(1998, 'Georgia', '0.197', '0.039', '0.219', '0.545'),
(2009, 'Michigan', '0.137', '0.059', '0.255', '0.549'),
(2004, 'Delaware', '0.188', '0.056', '0.252', '0.505'),
(1999, 'Nebraska', '0.182', '0.050', '0.221', '0.547'),
(2008, 'Oklahoma', '0.185', '0.062', '0.247', '0.506'),
(2005, 'Delaware', '0.155', '0.052', '0.272', '0.521'),
(2008, 'South Dakota', '0.120', '0.056', '0.261', '0.564'),
(1995, 'South Carolina', '0.209', '0.025', '0.204', '0.561'),
(1998, 'Massachusetts', '0.166', '0.043', '0.280', '0.511'),
(1998, 'Michigan', '0.226', '0.048', '0.254', '0.472'),
(2010, 'Alabama', '0.156', '0.063', '0.239', '0.542'),
(2003, 'Missouri', '0.231', '0.041', '0.243', '0.485'),
(2002, 'Tennessee', '0.229', '0.049', '0.187', '0.536'),
(2007, 'Indiana', '0.182', '0.059', '0.228', '0.530'),
(2007, 'Tennessee', '0.200', '0.043', '0.240', '0.518'),
(2007, 'Louisiana', '0.169', '0.057', '0.202', '0.571'),
(2007, 'New Jersey', '0.120', '0.051', '0.247', '0.582'),
(1997, 'New Hampshire', '0.200', '0.047', '0.313', '0.440'),
(2002, 'Vermont', '0.167', '0.044', '0.323', '0.465'),
(2009, 'Rhode Island', '0.102', '0.049', '0.296', '0.554'),
(1996, 'Florida', '0.181', '0.037', '0.307', '0.475'),
(1997, 'Louisiana', '0.192', '0.053', '0.219', '0.536'),
(2009, 'Iowa', '0.134', '0.038', '0.242', '0.587'),
(2004, 'Montana', '0.158', '0.046', '0.251', '0.545'),
(1995, 'Connecticut', '0.186', '0.020', '0.288', '0.507'),
(2001, 'New Mexico', '0.161', '0.077', '0.249', '0.512'),
(2003, 'West Virginia', '0.226', '0.048', '0.258', '0.469'),
(2010, 'Idaho', '0.113', '0.044', '0.229', '0.615'),
(2009, 'Texas', '0.117', '0.062', '0.216', '0.605'),
(2008, 'Arizona', '0.107', '0.052', '0.274', '0.567'),
(2000, 'Delaware', '0.186', '0.042', '0.239', '0.532'),
(2009, 'Washington', '0.107', '0.042', '0.267', '0.584'),
(2007, 'Maine', '0.162', '0.040', '0.308', '0.491'),
(2008, 'Connecticut', '0.116', '0.043', '0.301', '0.540'),
(2005, 'Vermont', '0.144', '0.049', '0.308', '0.500'),
(2006, 'New Hampshire', '0.143', '0.044', '0.297', '0.516'),
(2002, 'Arkansas', '0.215', '0.048', '0.249', '0.488'),
(2005, 'Tennessee', '0.204', '0.063', '0.220', '0.513'),
(2005, 'West Virginia', '0.213', '0.054', '0.243', '0.490'),
(2004, 'Tennessee', '0.215', '0.046', '0.222', '0.517'),
(2000, 'Texas', '0.154', '0.065', '0.219', '0.562'),
(2008, 'Tennessee', '0.180', '0.051', '0.218', '0.550'),
(2006, 'South Carolina', '0.165', '0.058', '0.245', '0.533'),
(2000, 'Iowa', '0.183', '0.049', '0.231', '0.537'),
(2006, 'Pennsylvania', '0.166', '0.049', '0.255', '0.530'),
(2005, 'Missouri', '0.185', '0.049', '0.242', '0.524'),
(2009, 'Utah', '0.069', '0.029', '0.151', '0.751'),
(1999, 'Colorado', '0.175', '0.049', '0.258', '0.517'),
(1999, 'New York', '0.170', '0.048', '0.231', '0.551'),
(1997, 'Rhode Island', '0.197', '0.046', '0.267', '0.490'),
(2004, 'Kentucky', '0.230', '0.045', '0.204', '0.521'),
(2000, 'Pennsylvania', '0.193', '0.051', '0.245', '0.511'),
(2006, 'Alaska', '0.162', '0.077', '0.276', '0.485'),
(2010, 'Wisconsin', '0.136', '0.055', '0.263', '0.546'),
(1995, 'Ohio', '0.236', '0.022', '0.240', '0.502'),
(2006, 'Texas', '0.126', '0.053', '0.217', '0.604'),
(2005, 'Rhode Island', '0.153', '0.044', '0.288', '0.514'),
(1997, 'New York', '0.191', '0.040', '0.237', '0.532'),
(2000, 'Maine', '0.207', '0.031', '0.299', '0.463'),
(2004, 'Maryland', '0.146', '0.050', '0.230', '0.575'),
(2003, 'California', '0.113', '0.055', '0.252', '0.580'),
(2000, 'South Carolina', '0.188', '0.062', '0.219', '0.532'),
(1997, 'Colorado', '0.170', '0.055', '0.255', '0.519'),
(2010, 'Virginia', '0.145', '0.040', '0.244', '0.570'),
(2005, 'Connecticut', '0.124', '0.041', '0.294', '0.541'),
(2004, 'District of Columbia', '0.125', '0.084', '0.192', '0.599'),
(1996, 'Connecticut', '0.174', '0.044', '0.282', '0.500'),
(1996, 'Alaska', '0.217', '0.060', '0.260', '0.463'),
(2010, 'Michigan', '0.135', '0.054', '0.253', '0.557'),
(1999, 'Maryland', '0.155', '0.048', '0.242', '0.555'),
(1995, 'Nevada', '0.233', '0.025', '0.268', '0.474'),
(2003, 'Utah', '0.086', '0.033', '0.166', '0.715'),
(2005, 'Nevada', '0.166', '0.065', '0.240', '0.529'),
(2006, 'Virginia', '0.147', '0.046', '0.252', '0.555'),
(2005, 'North Carolina', '0.171', '0.055', '0.236', '0.538'),
(2008, 'Texas', '0.117', '0.068', '0.215', '0.600'),
(2003, 'Indiana', '0.211', '0.050', '0.244', '0.495'),
(1997, 'Wyoming', '0.195', '0.045', '0.254', '0.506'),
(2001, 'Maryland', '0.153', '0.058', '0.247', '0.542'),
(1998, 'Florida', '0.180', '0.040', '0.261', '0.519'),
(2008, 'Alaska', '0.151', '0.064', '0.284', '0.500'),
(1996, 'Alabama', '0.176', '0.048', '0.215', '0.561'),
(2001, 'North Carolina', '0.213', '0.045', '0.238', '0.504'),
(1997, 'Washington', '0.186', '0.052', '0.269', '0.493'),
(2001, 'Delaware', '0.190', '0.060', '0.254', '0.495'),
(2006, 'Arkansas', '0.188', '0.048', '0.251', '0.512'),
(1996, 'Louisiana', '0.219', '0.040', '0.215', '0.527'),
(2008, 'Indiana', '0.197', '0.063', '0.230', '0.510'),
(1997, 'Maryland', '0.176', '0.029', '0.228', '0.568'),
(2007, 'Arkansas', '0.173', '0.051', '0.237', '0.539'),
(2008, 'Arkansas', '0.170', '0.054', '0.263', '0.514'),
(2009, 'Virginia', '0.138', '0.052', '0.244', '0.565'),
(2004, 'South Carolina', '0.180', '0.064', '0.219', '0.538'),
(2001, 'Nebraska', '0.158', '0.044', '0.223', '0.574'),
(2003, 'Montana', '0.148', '0.051', '0.284', '0.516'),
(1996, 'Maine', '0.226', '0.028', '0.278', '0.469'),
(1996, 'Tennessee', '0.250', '0.029', '0.199', '0.522'),
(1997, 'New Jersey', '0.166', '0.047', '0.262', '0.524'),
(1999, 'Iowa', '0.189', '0.046', '0.246', '0.519'),
(1997, 'Arkansas', '0.248', '0.037', '0.202', '0.514'),
(1998, 'Rhode Island', '0.182', '0.044', '0.290', '0.484'),
(2008, 'Maryland', '0.106', '0.043', '0.242', '0.609'),
(2010, 'Ohio', '0.171', '0.054', '0.246', '0.529'),
(2007, 'Rhode Island', '0.118', '0.052', '0.284', '0.546'),
(1995, 'Indiana', '0.243', '0.027', '0.230', '0.500'),
(2007, 'Oklahoma', '0.200', '0.058', '0.232', '0.510'),
(1999, 'Rhode Island', '0.178', '0.044', '0.256', '0.522'),
(2009, 'Hawaii', '0.104', '0.050', '0.269', '0.577'),
(2005, 'Washington', '0.125', '0.050', '0.273', '0.551'),
(2003, 'Maryland', '0.152', '0.049', '0.237', '0.562'),
(2000, 'Nevada', '0.220', '0.071', '0.267', '0.443'),
(2001, 'New Jersey', '0.150', '0.061', '0.262', '0.527'),
(1995, 'North Dakota', '0.201', '0.025', '0.242', '0.532'),
(2006, 'Michigan', '0.165', '0.058', '0.254', '0.522'),
(2006, 'Wyoming', '0.164', '0.052', '0.249', '0.535'),
(2001, 'Alabama', '0.174', '0.065', '0.234', '0.528'),
(2003, 'Pennsylvania', '0.202', '0.053', '0.252', '0.494'),
(2004, 'Vermont', '0.150', '0.050', '0.306', '0.494'),
(2004, 'Rhode Island', '0.158', '0.055', '0.288', '0.499'),
(1995, 'Georgia', '0.184', '0.019', '0.181', '0.616'),
(2005, 'Illinois', '0.142', '0.057', '0.240', '0.561'),
(1995, 'Montana', '0.189', '0.022', '0.292', '0.498'),
(2004, 'Wisconsin', '0.165', '0.054', '0.243', '0.538'),
(2007, 'Maryland', '0.115', '0.056', '0.237', '0.593'),
(2007, 'Alabama', '0.165', '0.060', '0.232', '0.543'),
(2006, 'Massachusetts', '0.130', '0.047', '0.277', '0.545'),
(2001, 'Oregon', '0.150', '0.055', '0.287', '0.509'),
(2010, 'Illinois', '0.115', '0.054', '0.236', '0.595'),
(2003, 'Oklahoma', '0.203', '0.048', '0.221', '0.527'),
(2000, 'New Hampshire', '0.197', '0.056', '0.297', '0.450'),
(2009, 'Maine', '0.125', '0.047', '0.311', '0.516'),
(2010, 'Connecticut', '0.092', '0.040', '0.292', '0.576'),
(2003, 'Texas', '0.156', '0.065', '0.216', '0.563'),
(2004, 'Illinois', '0.154', '0.068', '0.215', '0.562'),
(2007, 'Illinois', '0.137', '0.064', '0.235', '0.564'),
(1997, 'Missouri', '0.246', '0.040', '0.216', '0.497'),
(1995, 'Louisiana', '0.211', '0.040', '0.223', '0.527'),
(2002, 'Ohio', '0.214', '0.052', '0.247', '0.487'),
(2006, 'Mississippi', '0.179', '0.072', '0.211', '0.538'),
(2001, 'California', '0.121', '0.051', '0.259', '0.569'),
(2006, 'West Virginia', '0.213', '0.045', '0.247', '0.496'),
(2005, 'Pennsylvania', '0.179', '0.057', '0.254', '0.510'),
(2002, 'Illinois', '0.178', '0.051', '0.229', '0.543'),
(1998, 'Illinois', '0.170', '0.061', '0.250', '0.519'),
(2008, 'Minnesota', '0.121', '0.055', '0.271', '0.554'),
(2008, 'California', '0.089', '0.051', '0.233', '0.627'),
(2009, 'South Dakota', '0.125', '0.050', '0.272', '0.553'),
(2001, 'North Dakota', '0.156', '0.065', '0.248', '0.531'),
(2007, 'Alaska', '0.156', '0.067', '0.271', '0.507'),
(1996, 'Ohio', '0.257', '0.027', '0.214', '0.502'),
(2010, 'Maine', '0.139', '0.043', '0.302', '0.516'),
(2007, 'South Carolina', '0.162', '0.057', '0.250', '0.531'),
(1998, 'New Jersey', '0.152', '0.039', '0.264', '0.545'),
(1995, 'Oklahoma', '0.202', '0.013', '0.174', '0.612'),
(2000, 'New Jersey', '0.148', '0.062', '0.224', '0.566'),
(1996, 'Washington', '0.191', '0.044', '0.268', '0.497'),
(2007, 'Montana', '0.148', '0.046', '0.266', '0.539'),
(2003, 'Alabama', '0.197', '0.057', '0.239', '0.508'),
(2005, 'Alabama', '0.188', '0.060', '0.209', '0.543'),
(1999, 'California', '0.125', '0.062', '0.264', '0.549'),
(2007, 'Washington', '0.122', '0.046', '0.262', '0.570'),
(2001, 'Indiana', '0.215', '0.059', '0.226', '0.500'),
(1998, 'Wyoming', '0.190', '0.039', '0.252', '0.520'),
(2009, 'California', '0.081', '0.047', '0.232', '0.639'),
(1996, 'Wyoming', '0.201', '0.045', '0.251', '0.503'),
(1999, 'Ohio', '0.236', '0.040', '0.240', '0.484'),
(2009, 'New York', '0.121', '0.059', '0.263', '0.557'),
(2008, 'Wisconsin', '0.141', '0.057', '0.267', '0.535'),
(1995, 'Kentucky', '0.249', '0.027', '0.223', '0.501'),
(1998, 'Hawaii', '0.158', '0.037', '0.261', '0.544'),
(2003, 'Wyoming', '0.198', '0.048', '0.262', '0.491'),
(2008, 'Ohio', '0.155', '0.046', '0.254', '0.544'),
(2002, 'Michigan', '0.193', '0.048', '0.271', '0.487'),
(2005, 'District of Columbia', '0.116', '0.085', '0.215', '0.585'),
(2003, 'Nebraska', '0.160', '0.053', '0.240', '0.547'),
(2008, 'North Dakota', '0.133', '0.048', '0.254', '0.565'),
(2000, 'Massachusetts', '0.153', '0.047', '0.282', '0.519'),
(2008, 'Wyoming', '0.149', '0.045', '0.254', '0.552'),
(1998, 'Nevada', '0.236', '0.067', '0.240', '0.456'),
(1997, 'District of Columbia', '0.118', '0.070', '0.158', '0.654'),
(2010, 'Iowa', '0.121', '0.041', '0.234', '0.604'),
(2006, 'Oregon', '0.136', '0.048', '0.257', '0.558'),
(2006, 'New York', '0.134', '0.049', '0.245', '0.573'),
(1997, 'Alabama', '0.208', '0.039', '0.220', '0.533'),
(1996, 'Kentucky', '0.279', '0.038', '0.232', '0.452'),
(1996, 'Delaware', '0.210', '0.033', '0.268', '0.490'),
(1995, 'Nebraska', '0.194', '0.024', '0.257', '0.525'),
(1998, 'North Carolina', '0.205', '0.042', '0.234', '0.519'),
(1995, 'Virginia', '0.187', '0.027', '0.252', '0.535'),
(2002, 'Georgia', '0.177', '0.056', '0.224', '0.543'),
(1997, 'Mississippi', '0.190', '0.041', '0.213', '0.556'),
(2003, 'District of Columbia', '0.139', '0.081', '0.222', '0.558'),
(2006, 'Nebraska', '0.138', '0.048', '0.238', '0.575'),
(1999, 'North Dakota', '0.170', '0.051', '0.247', '0.531'),
(2006, 'South Dakota', '0.147', '0.056', '0.248', '0.548'),
(2005, 'Texas', '0.132', '0.068', '0.210', '0.590'),
(1999, 'Arkansas', '0.226', '0.046', '0.231', '0.497'),
(2008, 'Massachusetts', '0.117', '0.044', '0.281', '0.558'),
(1999, 'Indiana', '0.225', '0.045', '0.220', '0.510'),
(2008, 'Illinois', '0.151', '0.062', '0.234', '0.553'),
(2004, 'Connecticut', '0.132', '0.049', '0.300', '0.519'),
(1999, 'Wyoming', '0.191', '0.048', '0.249', '0.512'),
(2003, 'South Carolina', '0.196', '0.059', '0.230', '0.515'),
(1998, 'Mississippi', '0.191', '0.050', '0.219', '0.540'),
(1999, 'Tennessee', '0.219', '0.029', '0.207', '0.544'),
(2004, 'Oklahoma', '0.199', '0.062', '0.225', '0.514'),
(2010, 'North Carolina', '0.143', '0.054', '0.245', '0.558'),
(1996, 'Oklahoma', '0.215', '0.025', '0.184', '0.575'),
(2006, 'District of Columbia', '0.106', '0.073', '0.221', '0.600'),
(2005, 'Iowa', '0.161', '0.043', '0.248', '0.548'),
(2003, 'New Hampshire', '0.170', '0.042', '0.310', '0.478'),
(2010, 'Colorado', '0.114', '0.046', '0.247', '0.593'),
(2007, 'Michigan', '0.158', '0.054', '0.248', '0.541'),
(2007, 'Kansas', '0.137', '0.042', '0.233', '0.588'),
(2010, 'Utah', '0.064', '0.027', '0.143', '0.766'),
(2000, 'Missouri', '0.226', '0.046', '0.247', '0.481'),
(2003, 'Louisiana', '0.204', '0.062', '0.207', '0.527'),
(2009, 'Florida', '0.128', '0.043', '0.276', '0.553'),
(1997, 'Connecticut', '0.172', '0.044', '0.291', '0.493'),
(1997, 'Nebraska', '0.185', '0.036', '0.227', '0.552'),
(1997, 'South Dakota', '0.188', '0.056', '0.258', '0.499'),
(2006, 'Illinois', '0.141', '0.064', '0.237', '0.558'),
(2004, 'Arkansas', '0.194', '0.062', '0.247', '0.498'),
(2000, 'Rhode Island', '0.183', '0.051', '0.267', '0.499'),
(2005, 'Colorado', '0.135', '0.063', '0.248', '0.554'),
(2002, 'North Carolina', '0.212', '0.051', '0.241', '0.497'),
(1997, 'Tennessee', '0.237', '0.033', '0.213', '0.517'),
(1996, 'New Mexico', '0.167', '0.062', '0.242', '0.530'),
(1997, 'Illinois', '0.178', '0.054', '0.258', '0.510'),
(2000, 'Florida', '0.177', '0.055', '0.274', '0.494'),
(1995, 'Maine', '0.222', '0.025', '0.272', '0.481'),
(2010, 'Tennessee', '0.157', '0.044', '0.229', '0.570'),
(1998, 'Delaware', '0.207', '0.037', '0.245', '0.510'),
(2001, 'Wisconsin', '0.182', '0.054', '0.287', '0.478'),
(2002, 'Minnesota', '0.162', '0.055', '0.268', '0.514'),
(2010, 'Oklahoma', '0.175', '0.062', '0.243', '0.520'),
(1998, 'Minnesota', '0.133', '0.047', '0.186', '0.634'),
(2009, 'Alaska', '0.147', '0.059', '0.281', '0.513'),
(2000, 'District of Columbia', '0.139', '0.070', '0.220', '0.571'),
(1995, 'Oregon', '0.185', '0.032', '0.284', '0.499'),
(2002, 'Colorado', '0.156', '0.047', '0.256', '0.540'),
(2003, 'Arizona', '0.154', '0.055', '0.262', '0.530'),
(1996, 'New York', '0.192', '0.040', '0.237', '0.531'),
(2000, 'Ohio', '0.211', '0.051', '0.232', '0.506'),
(2001, 'Kansas', '0.169', '0.054', '0.243', '0.535'),
(2006, 'Wisconsin', '0.152', '0.056', '0.260', '0.532'),
(1999, 'Virginia', '0.170', '0.043', '0.253', '0.533'),
(2003, 'New Mexico', '0.158', '0.062', '0.259', '0.521'),
(2000, 'Arkansas', '0.199', '0.052', '0.245', '0.504'),
(2007, 'New Hampshire', '0.151', '0.042', '0.303', '0.504'),
(2008, 'Iowa', '0.141', '0.046', '0.247', '0.566'),
(2001, 'Kentucky', '0.262', '0.047', '0.236', '0.455'),
(1999, 'Washington', '0.170', '0.053', '0.268', '0.508'),
(2010, 'Indiana', '0.163', '0.050', '0.251', '0.537'),
(2010, 'Wyoming', '0.149', '0.046', '0.246', '0.559'),
(2008, 'Delaware', '0.134', '0.044', '0.285', '0.537'),
(2003, 'Connecticut', '0.139', '0.047', '0.312', '0.502'),
(2003, 'New Jersey', '0.140', '0.054', '0.263', '0.543'),
(2009, 'Ohio', '0.156', '0.047', '0.258', '0.538'),
(2006, 'Rhode Island', '0.149', '0.043', '0.288', '0.520'),
(1996, 'Pennsylvania', '0.203', '0.042', '0.232', '0.523'),
(1999, 'South Carolina', '0.180', '0.056', '0.204', '0.560'),
(1997, 'Vermont', '0.195', '0.038', '0.291', '0.477'),
(1998, 'West Virginia', '0.249', '0.031', '0.238', '0.483'),
(1996, 'Arizona', '0.199', '0.039', '0.251', '0.512'),
(1998, 'California', '0.136', '0.056', '0.262', '0.546'),
(1999, 'District of Columbia', '0.134', '0.071', '0.161', '0.633'),
(1998, 'New Hampshire', '0.182', '0.050', '0.285', '0.482'),
(2001, 'Alaska', '0.190', '0.072', '0.269', '0.469'),
(1999, 'Nevada', '0.243', '0.072', '0.290', '0.395'),
(1996, 'Montana', '0.191', '0.026', '0.270', '0.513'),
(2001, 'Maine', '0.182', '0.057', '0.319', '0.442'),
(2002, 'Florida', '0.178', '0.042', '0.251', '0.529'),
(2001, 'South Dakota', '0.166', '0.058', '0.252', '0.525'),
(2005, 'Massachusetts', '0.135', '0.046', '0.275', '0.545'),
(1997, 'Oklahoma', '0.214', '0.032', '0.191', '0.563'),
(2005, 'Ohio', '0.176', '0.048', '0.258', '0.519'),
(2004, 'Pennsylvania', '0.175', '0.053', '0.239', '0.534'),
(1995, 'Washington', '0.175', '0.024', '0.299', '0.502'),
(2010, 'Florida', '0.120', '0.052', '0.298', '0.530'),
(2008, 'District of Columbia', '0.093', '0.070', '0.225', '0.612'),
(2008, 'Hawaii', '0.118', '0.037', '0.254', '0.592'),
(2010, 'West Virginia', '0.232', '0.036', '0.244', '0.488'),
(2008, 'Georgia', '0.145', '0.050', '0.214', '0.591'),
(2002, 'Maine', '0.196', '0.040', '0.334', '0.431'),
(1996, 'Arkansas', '0.219', '0.034', '0.180', '0.567'),
(2003, 'Hawaii', '0.141', '0.032', '0.241', '0.586'),
(2007, 'Virginia', '0.141', '0.044', '0.235', '0.580'),
(2007, 'South Dakota', '0.142', '0.056', '0.243', '0.559'),
(2006, 'Utah', '0.071', '0.027', '0.166', '0.736'),
(1997, 'Virginia', '0.188', '0.056', '0.258', '0.498'),
(1995, 'Pennsylvania', '0.204', '0.033', '0.283', '0.480'),
(2001, 'Massachusetts', '0.148', '0.047', '0.299', '0.506'),
(1995, 'Minnesota', '0.174', '0.029', '0.236', '0.561'),
(1995, 'Arizona', '0.203', '0.024', '0.256', '0.517'),
(2003, 'Colorado', '0.138', '0.047', '0.272', '0.542'),
(1995, 'Florida', '0.203', '0.027', '0.285', '0.485'),
(2006, 'Nevada', '0.156', '0.065', '0.256', '0.523'),
(2007, 'Delaware', '0.151', '0.038', '0.261', '0.549'),
(2000, 'Arizona', '0.135', '0.052', '0.217', '0.597'),
(2007, 'Massachusetts', '0.120', '0.044', '0.285', '0.551'),
(2005, 'California', '0.098', '0.053', '0.233', '0.615'),
(2004, 'Texas', '0.136', '0.069', '0.202', '0.593'),
(2001, 'West Virginia', '0.235', '0.046', '0.247', '0.471'),
(2008, 'Rhode Island', '0.134', '0.040', '0.281', '0.545'),
(2007, 'Nebraska', '0.145', '0.055', '0.238', '0.562'),
(2003, 'Illinois', '0.171', '0.063', '0.244', '0.522'),
(2002, 'Wyoming', '0.192', '0.044', '0.265', '0.498'),
(1996, 'Missouri', '0.226', '0.052', '0.247', '0.475'),
(1995, 'New York', '0.191', '0.022', '0.253', '0.534'),
(1998, 'Indiana', '0.207', '0.053', '0.260', '0.480'),
(2003, 'Kentucky', '0.268', '0.040', '0.225', '0.467'),
(1999, 'Connecticut', '0.175', '0.053', '0.253', '0.519'),
(1999, 'Michigan', '0.195', '0.056', '0.236', '0.513'),
(2006, 'Indiana', '0.186', '0.055', '0.233', '0.527'),
(2001, 'Iowa', '0.170', '0.051', '0.246', '0.532'),
(2002, 'Montana', '0.157', '0.055', '0.261', '0.527'),
(2000, 'New York', '0.159', '0.057', '0.256', '0.529'),
(1999, 'Pennsylvania', '0.184', '0.047', '0.233', '0.536'),
(1999, 'Georgia', '0.183', '0.054', '0.225', '0.537'),
(2009, 'Idaho', '0.123', '0.040', '0.221', '0.616'),
(1997, 'North Carolina', '0.210', '0.049', '0.224', '0.518'),
(2004, 'Alabama', '0.187', '0.061', '0.209', '0.543'),
(1997, 'Nevada', '0.234', '0.046', '0.254', '0.466'),
(1995, 'Colorado', '0.179', '0.036', '0.274', '0.511'),
(1995, 'New Mexico', '0.176', '0.031', '0.277', '0.517'),
(1998, 'South Carolina', '0.196', '0.051', '0.207', '0.546'),
(2003, 'South Dakota', '0.164', '0.063', '0.253', '0.520'),
(2003, 'Oregon', '0.158', '0.052', '0.267', '0.524'),
(2003, 'Iowa', '0.162', '0.054', '0.245', '0.538'),
(1998, 'North Dakota', '0.170', '0.030', '0.282', '0.518'),
(2002, 'North Dakota', '0.164', '0.051', '0.265', '0.520'),
(2010, 'South Carolina', '0.140', '0.070', '0.241', '0.549'),
(2006, 'Delaware', '0.167', '0.051', '0.273', '0.509'),
(2002, 'Indiana', '0.230', '0.047', '0.233', '0.491'),
(2003, 'Mississippi', '0.197', '0.058', '0.207', '0.538'),
(1995, 'South Dakota', '0.198', '0.019', '0.240', '0.542'),
(1996, 'Mississippi', '0.197', '0.035', '0.211', '0.557'),
(1998, 'Utah', '0.105', '0.037', '0.187', '0.671'),
(2003, 'Tennessee', '0.211', '0.045', '0.189', '0.554'),
(2009, 'Illinois', '0.120', '0.066', '0.231', '0.583'),
(1998, 'Nebraska', '0.174', '0.046', '0.244', '0.535'),
(2005, 'Oregon', '0.134', '0.051', '0.274', '0.540'),
(1999, 'Arizona', '0.179', '0.022', '0.178', '0.621'),
(1998, 'Wisconsin', '0.187', '0.047', '0.294', '0.472'),
(2009, 'Vermont', '0.125', '0.046', '0.316', '0.513'),
(2003, 'Wisconsin', '0.173', '0.047', '0.273', '0.507'),
(2010, 'Oregon', '0.110', '0.041', '0.282', '0.567'),
(2003, 'Arkansas', '0.205', '0.042', '0.254', '0.498'),
(2001, 'Idaho', '0.152', '0.044', '0.244', '0.560'),
(2006, 'North Carolina', '0.170', '0.051', '0.241', '0.539'),
(2004, 'Ohio', '0.208', '0.050', '0.221', '0.520'),
(1997, 'Florida', '0.198', '0.038', '0.264', '0.500'),
(1997, 'Wisconsin', '0.197', '0.035', '0.253', '0.515'),
(2003, 'Florida', '0.174', '0.065', '0.268', '0.493'),
(2009, 'Arizona', '0.110', '0.051', '0.260', '0.578'),
(2003, 'Minnesota', '0.159', '0.052', '0.283', '0.506'),
(2005, 'Kansas', '0.136', '0.042', '0.244', '0.578'),
(2004, 'Colorado', '0.138', '0.062', '0.244', '0.556'),
(1999, 'Missouri', '0.227', '0.043', '0.247', '0.482'),
(2008, 'Colorado', '0.123', '0.054', '0.249', '0.575'),
(1998, 'Connecticut', '0.153', '0.056', '0.282', '0.509'),
(1996, 'California', '0.130', '0.056', '0.250', '0.564'),
(2006, 'Iowa', '0.171', '0.043', '0.237', '0.548'),
(2009, 'North Carolina', '0.144', '0.059', '0.262', '0.535'),
(2010, 'New Hampshire', '0.124', '0.045', '0.307', '0.524'),
(2005, 'New Hampshire', '0.154', '0.050', '0.295', '0.501'),
(2005, 'Hawaii', '0.121', '0.049', '0.262', '0.568'),
(2005, 'Nebraska', '0.161', '0.052', '0.227', '0.561'),
(2002, 'Kansas', '0.176', '0.045', '0.243', '0.536'),
(1995, 'West Virginia', '0.237', '0.019', '0.233', '0.511'),
(2004, 'Georgia', '0.150', '0.050', '0.209', '0.591'),
(2007, 'Utah', '0.083', '0.034', '0.158', '0.725'),
(2009, 'Kentucky', '0.206', '0.050', '0.253', '0.491'),
(1997, 'Maine', '0.198', '0.029', '0.310', '0.463'),
(2006, 'Colorado', '0.123', '0.056', '0.245', '0.576'),
(2008, 'New Hampshire', '0.128', '0.042', '0.311', '0.519'),
(1998, 'Oklahoma', '0.202', '0.036', '0.196', '0.565'),
(2000, 'Mississippi', '0.188', '0.047', '0.205', '0.560'),
(2007, 'New Mexico', '0.131', '0.076', '0.248', '0.544'),
(2009, 'Minnesota', '0.113', '0.055', '0.264', '0.568'),
(2004, 'North Carolina', '0.176', '0.055', '0.212', '0.556'),
(2010, 'Delaware', '0.128', '0.045', '0.268', '0.560'),
(2003, 'Idaho', '0.150', '0.040', '0.235', '0.576'),
(1998, 'Washington', '0.169', '0.045', '0.276', '0.511'),
(2004, 'Utah', '0.078', '0.027', '0.158', '0.738'),
(2007, 'Kentucky', '0.235', '0.047', '0.239', '0.479'),
(1995, 'Massachusetts', '0.188', '0.028', '0.300', '0.484'),
(2009, 'Delaware', '0.133', '0.050', '0.284', '0.534'),
(2000, 'Alaska', '0.186', '0.064', '0.281', '0.468'),
(2001, 'Louisiana', '0.190', '0.056', '0.199', '0.554'),
(2008, 'Kentucky', '0.205', '0.047', '0.253', '0.495'),
(1996, 'West Virginia', '0.239', '0.028', '0.229', '0.505'),
(2010, 'Hawaii', '0.107', '0.038', '0.253', '0.602'),
(2001, 'Minnesota', '0.169', '0.053', '0.283', '0.495'),
(2000, 'North Dakota', '0.175', '0.058', '0.234', '0.534'),
(1999, 'Florida', '0.163', '0.043', '0.268', '0.526'),
(2001, 'Oklahoma', '0.231', '0.056', '0.218', '0.495'),
(2000, 'Virginia', '0.161', '0.053', '0.233', '0.553'),
(1998, 'Montana', '0.185', '0.029', '0.267', '0.518'),
(1997, 'Oregon', '0.162', '0.045', '0.304', '0.489'),
(2004, 'New Mexico', '0.132', '0.071', '0.241', '0.556'),
(2002, 'Maryland', '0.163', '0.056', '0.237', '0.544'),
(2000, 'Utah', '0.096', '0.033', '0.184', '0.688'),
(2008, 'New York', '0.118', '0.050', '0.254', '0.578'),
(2002, 'New Jersey', '0.140', '0.050', '0.260', '0.550'),
(2004, 'New Hampshire', '0.165', '0.051', '0.285', '0.498'),
(2009, 'Pennsylvania', '0.151', '0.051', '0.260', '0.537'),
(1997, 'Hawaii', '0.143', '0.044', '0.264', '0.549'),
(2003, 'Washington', '0.146', '0.050', '0.262', '0.542'),
(1999, 'South Dakota', '0.176', '0.048', '0.251', '0.524'),
(2006, 'Tennessee', '0.184', '0.041', '0.235', '0.539'),
(2000, 'Wisconsin', '0.181', '0.060', '0.271', '0.488'),
(2008, 'Louisiana', '0.160', '0.045', '0.199', '0.597'),
(1998, 'Arizona', '0.198', '0.021', '0.173', '0.609'),
(1997, 'Massachusetts', '0.164', '0.041', '0.297', '0.498'),
(1999, 'Kansas', '0.181', '0.030', '0.225', '0.564'),
(1996, 'Vermont', '0.189', '0.052', '0.292', '0.467'),
(2006, 'Kansas', '0.152', '0.048', '0.241', '0.559'),
(2002, 'West Virginia', '0.238', '0.047', '0.242', '0.474'),
(2005, 'Arizona', '0.137', '0.066', '0.255', '0.543'),
(2008, 'Kansas', '0.132', '0.047', '0.232', '0.590'),
(2003, 'Rhode Island', '0.172', '0.051', '0.291', '0.485'),
(2000, 'Indiana', '0.224', '0.046', '0.226', '0.505'),
(2000, 'Connecticut', '0.153', '0.046', '0.278', '0.523'),
(2003, 'Georgia', '0.165', '0.062', '0.217', '0.556'),
(1995, 'Maryland', '0.180', '0.031', '0.206', '0.583'),
(2004, 'Wyoming', '0.165', '0.052', '0.249', '0.534'),
(1999, 'Kentucky', '0.256', '0.042', '0.232', '0.471'),
(1999, 'Hawaii', '0.144', '0.041', '0.229', '0.586'),
(2008, 'Idaho', '0.125', '0.044', '0.219', '0.612'),
(2009, 'Missouri', '0.183', '0.048', '0.248', '0.521'),
(2006, 'Missouri', '0.186', '0.046', '0.268', '0.500'),
(2008, 'Maine', '0.140', '0.041', '0.317', '0.501'),
(2009, 'District of Columbia', '0.091', '0.062', '0.242', '0.606'),
(2010, 'Texas', '0.105', '0.053', '0.213', '0.629'),
(2007, 'Idaho', '0.145', '0.046', '0.226', '0.583'),
(1996, 'Michigan', '0.210', '0.047', '0.259', '0.485'),
(2001, 'Connecticut', '0.149', '0.058', '0.289', '0.505'),
(1996, 'Georgia', '0.173', '0.030', '0.142', '0.656'),
(2002, 'Massachusetts', '0.144', '0.045', '0.291', '0.520'),
(1996, 'Illinois', '0.204', '0.044', '0.234', '0.518'),
(2008, 'Pennsylvania', '0.156', '0.057', '0.253', '0.533'),
(2005, 'Alaska', '0.188', '0.062', '0.238', '0.512'),
(2004, 'California', '0.100', '0.047', '0.242', '0.611'),
(1998, 'Virginia', '0.181', '0.048', '0.232', '0.539'),
(1996, 'North Dakota', '0.195', '0.039', '0.255', '0.512'),
(1997, 'California', '0.126', '0.059', '0.269', '0.546'),
(2004, 'Minnesota', '0.152', '0.055', '0.268', '0.525'),
(2009, 'Arkansas', '0.155', '0.059', '0.281', '0.504'),
(2008, 'Oregon', '0.118', '0.045', '0.247', '0.590'),
(2010, 'Minnesota', '0.113', '0.036', '0.259', '0.592'),
(2000, 'Wyoming', '0.182', '0.056', '0.251', '0.511'),
(2006, 'Louisiana', '0.177', '0.057', '0.201', '0.564'),
(2002, 'Nebraska', '0.178', '0.049', '0.229', '0.544'),
(2000, 'Washington', '0.148', '0.059', '0.288', '0.505'),
(2002, 'Virginia', '0.194', '0.053', '0.224', '0.530'),
(2009, 'Colorado', '0.121', '0.050', '0.255', '0.574'),
(1995, 'Alabama', '0.219', '0.021', '0.211', '0.548'),
(2000, 'Hawaii', '0.158', '0.039', '0.242', '0.562'),
(2003, 'Massachusetts', '0.145', '0.046', '0.310', '0.499'),
(2002, 'Hawaii', '0.171', '0.039', '0.243', '0.547'),
(1999, 'Alabama', '0.181', '0.053', '0.242', '0.523'),
(2008, 'Florida', '0.128', '0.047', '0.261', '0.564'),
(2005, 'Louisiana', '0.164', '0.061', '0.210', '0.565'),
(2001, 'District of Columbia', '0.122', '0.085', '0.233', '0.559'),
(1997, 'Idaho', '0.156', '0.043', '0.243', '0.558'),
(2010, 'Pennsylvania', '0.134', '0.050', '0.262', '0.554'),
(2004, 'West Virginia', '0.218', '0.051', '0.251', '0.480'),
(2000, 'Oregon', '0.153', '0.054', '0.283', '0.509'),
(2005, 'New Jersey', '0.128', '0.052', '0.255', '0.565'),
(2006, 'Arizona', '0.121', '0.061', '0.249', '0.569'),
(2002, 'California', '0.111', '0.053', '0.239', '0.596'),
(1998, 'Oregon', '0.163', '0.048', '0.274', '0.516'),
(2004, 'Kansas', '0.153', '0.045', '0.217', '0.585'),
(2004, 'New Jersey', '0.130', '0.058', '0.244', '0.568'),
(2004, 'New York', '0.142', '0.057', '0.242', '0.559'),
(1996, 'Nevada', '0.251', '0.030', '0.268', '0.450'),
(2000, 'Minnesota', '0.152', '0.045', '0.231', '0.571'),
(1999, 'Minnesota', '0.151', '0.044', '0.200', '0.605'),
(2004, 'Nevada', '0.165', '0.068', '0.244', '0.523'),
(2000, 'Alabama', '0.193', '0.059', '0.240', '0.508'),
(1997, 'Ohio', '0.232', '0.019', '0.227', '0.522'),
(1995, 'Arkansas', '0.227', '0.023', '0.235', '0.515'),
(2003, 'North Dakota', '0.161', '0.044', '0.256', '0.539'),
(1999, 'Oklahoma', '0.224', '0.028', '0.187', '0.561'),
(2002, 'Delaware', '0.195', '0.051', '0.263', '0.490'),
(2010, 'New Mexico', '0.114', '0.071', '0.247', '0.569'),
(2009, 'North Dakota', '0.134', '0.052', '0.240', '0.574'),
(2005, 'Wisconsin', '0.159', '0.049', '0.261', '0.532'),
(2009, 'Alabama', '0.165', '0.060', '0.228', '0.546'),
(2000, 'South Dakota', '0.168', '0.051', '0.246', '0.535'),
(2004, 'Maine', '0.170', '0.039', '0.313', '0.478'),
(1997, 'South Carolina', '0.202', '0.032', '0.200', '0.566'),
(2002, 'Utah', '0.099', '0.028', '0.171', '0.701'),
(2002, 'Oregon', '0.173', '0.051', '0.281', '0.494'),
(2001, 'Mississippi', '0.196', '0.057', '0.211', '0.536'),
(2003, 'North Carolina', '0.188', '0.060', '0.232', '0.520'),
(2009, 'Indiana', '0.171', '0.060', '0.237', '0.532'),
(1999, 'West Virginia', '0.238', '0.033', '0.238', '0.490'),
(2000, 'Idaho', '0.169', '0.054', '0.246', '0.531'),
(1996, 'Wisconsin', '0.197', '0.052', '0.259', '0.492'),
(1996, 'Texas', '0.170', '0.059', '0.212', '0.559'),
(2004, 'Oregon', '0.143', '0.058', '0.247', '0.553'),
(2002, 'Iowa', '0.188', '0.043', '0.234', '0.534'),
(2004, 'Mississippi', '0.181', '0.065', '0.193', '0.562'),
(1999, 'Oregon', '0.161', '0.054', '0.281', '0.505'),
(2006, 'Maryland', '0.130', '0.047', '0.226', '0.597'),
(1998, 'Maine', '0.194', '0.029', '0.313', '0.464'),
